0.0 0
0.050464 3600
0.050464 3600
0.102379 3960
0.103042 4680
0.103704 5400
0.1048 6120
0.105462 6840
0.154251 7560
0.154914 8280
0.155576 9000
0.156238 9720
0.156901 10440
0.157997 11160
0.158659 11880
0.159322 12600
0.159984 13320
0.206123 14040
0.207219 14760
0.207882 15480
0.208544 16200
0.209206 16920
0.209869 17640
0.210531 18360
0.211627 19080
0.21229 19800
0.212952 20520
0.213614 21240
0.214277 21960
0.214939 22680
0.216035 23400
0.216698 24120
0.21736 24840
0.218022 25560
0.218685 26280
0.257995 27000
0.258658 27720
0.25932 28440
0.260416 29160
0.261078 29880
0.261741 30600
0.262403 31320
0.263066 32040
0.263728 32760
0.264824 33480
0.265486 34200
0.266149 34920
0.266811 35640
0.267474 36360
0.268136 37080
0.269232 37800
0.269894 38520
0.270557 39240
0.271219 39960
0.271882 40680
0.272544 41400
0.273206 42120
0.274302 42840
0.274965 43560
0.275627 44280
0.27629 45000
0.276952 45720
0.277614 46440
0.27871 47160
0.279373 47880
0.280035 48600
0.280698 49320
0.28136 50040
0.282022 50760
0.283118 51480
0.283781 52200
0.309867 52920
0.31053 53640
0.311192 54360
0.311854 55080
0.312517 55800
0.313613 56520
0.314275 57240
0.314938 57960
0.3156 58680
0.316262 59400
0.316925 60120
0.318021 60840
0.318683 61560
0.319346 62280
0.320008 63000
0.32067 63720
0.321333 64440
0.322429 65160
0.323091 65880
0.323754 66600
0.324416 67320
0.325078 68040
0.325741 68760
0.326403 69480
0.327499 70200
0.328162 70920
0.328824 71640
0.329486 72360
0.330149 73080
0.330811 73800
0.331907 74520
0.33257 75240
0.333232 75960
0.333894 76680
0.334557 77400
0.335219 78120
0.336315 78840
0.336978 79560
0.33764 80280
0.338302 81000
0.338965 81720
0.339627 82440
0.340723 83160
0.341386 83880
0.342048 84600
0.34271 85320
0.343373 86040
0.344035 86760
0.345131 87480
0.345794 88200
0.346456 88920
0.347118 89640
0.347781 90360
0.348443 91080
0.349106 91800
0.350202 92520
0.350864 93240
0.351526 93960
0.352189 94680
0.352851 95400
0.353514 96120
0.35461 96840
0.355272 97560
0.355934 98280
0.356597 99000
0.357259 99720
0.357922 100440
0.359018 101160
0.35968 101880
0.360342 101880
0.367171 102240
0.374662 102600
0.382154 102960
0.389502 103320
0.397314 103680
0.405125 104040
0.412502 104400
0.420314 104760
0.428125 105120
0.435502 105480
0.443314 105840
0.451125 106200
0.459432 106560
0.46681 106920
0.474621 107280
0.482432 107640
0.48981 108000
0.497621 108360
0.505432 108720
0.513243 109080
0.520621 109440
0.528432 109800
0.536243 110160
0.544054 110520
0.551432 110880
0.559243 111240
0.567054 111600
0.574866 111960
0.583173 112320
0.590984 112680
0.598795 113040
0.606606 113400
0.614418 113760
0.621795 114120
0.629606 114480
0.637418 114840
0.645229 115200
0.65304 115560
0.660851 115920
0.668662 116280
0.676474 116640
0.684285 117000
0.692096 117360
0.699474 117720
0.707781 118080
0.715592 118440
0.723403 118800
0.731214 119160
0.739026 119520
0.746837 119880
0.754648 120240
0.762459 120600
0.77027 120960
0.777648 121320
0.785459 121680
0.79327 122040
0.801082 122400
0.808893 122760
0.816704 123120
0.824515 123480
0.832822 123840
0.840634 124200
0.848445 124560
0.856256 124920
0.863634 125280
0.871445 125640
0.879256 126000
0.887067 126360
0.894878 126720
0.90269 127080
0.910501 127440
0.918312 127800
0.926123 128160
0.933934 128520
0.941312 128880
0.949123 129240
0.95743 129600
0.965242 129960
0.973053 130320
0.980864 130680
0.988675 131040
0.996486 131400
1.0043 131760
1.01211 132120
1.01992 132480
1.0273 132840
1.03511 133200
1.04292 133560
1.05073 133920
1.05854 134280
1.06635 134640
1.07416 135000
1.08247 135360
1.09028 135720
1.09809 136080
1.10591 136440
1.11328 136800
1.12109 137160
1.12891 137520
1.13672 137880
1.14453 138240
1.15234 138600
1.16015 138960
1.16796 139320
1.17577 139680
1.18315 140040
1.19096 140400
1.19877 140760
1.20708 141120
1.21489 141480
1.2227 141840
1.23051 142200
1.23832 142560
1.24614 142920
1.25395 143280
1.26176 143640
1.26914 144000
1.27695 144360
1.28476 144720
1.29257 145080
1.30038 145440
1.30819 145800
1.316 146160
1.32381 146520
1.33212 146880
1.33993 147240
1.34774 147600
1.35512 147960
1.36293 148320
1.37074 148680
1.37856 149040
1.38637 149400
1.39418 149760
1.40199 150120
1.4098 150480
1.41761 150840
1.42542 151200
1.4328 151560
1.44061 151920
1.44842 152280
1.45673 152640
1.46454 153000
1.47235 153360
1.48016 153720
1.48797 154080
1.49579 154440
1.5036 154800
1.51141 155160
1.51879 155520
1.5266 155880
1.53441 156240
1.54222 156600
1.55003 156960
1.55784 157320
1.56565 157680
1.57346 158040
1.58177 158400
1.58958 158760
1.59739 159120
1.60477 159480
1.61258 159840
1.62039 160200
1.6282 160560
1.63602 160920
1.64383 161280
1.65164 161640
1.65945 162000
1.66726 162360
1.67464 162720
1.68245 163080
1.69026 163440
1.69807 163800
1.70638 164160
1.71419 164520
1.722 164880
1.72981 165240
1.73762 165600
1.74544 165960
1.75325 166320
1.76062 166680
1.76844 167040
1.77625 167400
1.78406 167760
1.79187 168120
1.79968 168480
1.80749 168840
1.8153 169200
1.82311 169560
1.83142 169920
1.83923 170280
1.84661 170640
1.85442 171000
1.86223 171360
1.87004 171720
1.87785 172080
1.88567 172440
1.89348 172800
1.90129 173160
1.9091 173520
1.91691 173880
1.92429 174240
1.9321 174600
1.93991 174960
1.94772 175320
1.95603 175680
1.96384 176040
1.97165 176400
1.97946 176760
1.98727 177120
1.99508 177480
2.0029 177840
2.01027 178200
2.01808 178560
2.0259 178920
2.03371 179280
2.04152 179640
2.04933 180000
2.05714 180360
2.06495 180720
2.07276 181080
2.08107 181440
2.08888 181800
2.09626 182160
2.10407 182520
2.11188 182880
2.11969 183240
2.1275 183600
2.13532 183960
2.14313 184320
2.15094 184680
2.15875 185040
2.16613 185400
2.17394 185760
2.18175 186120
2.18956 186480
2.19737 186840
2.20568 187200
2.21349 187560
2.2213 187920
2.22911 188280
2.23692 188640
2.24473 189000
2.25211 189360
2.25992 189720
2.26773 190080
2.27555 190440
2.28336 190800
2.29117 191160
2.29898 191520
2.30679 191880
2.3146 192240
2.32241 192600
2.33072 192960
2.3381 193320
2.34591 193680
2.35372 194040
2.36153 194400
2.36934 194760
2.37715 195120
2.38496 195480
2.39278 195840
2.40059 196200
2.4084 196560
2.41578 196920
2.42359 197280
2.4314 197640
2.43921 198000
2.44702 198360
2.45533 198720
2.46314 199080
2.47095 199440
2.47876 199800
2.48657 200160
2.49438 200520
2.50176 200880
2.50957 201240
2.51738 201600
2.5252 201960
2.53301 202320
2.54082 202680
2.54863 203040
2.55644 203400
2.56425 203760
2.57163 204120
2.58037 204480
2.58775 204840
2.59556 205200
2.60337 205560
2.61118 205920
2.61899 206280
2.6268 206640
2.63461 207000
2.64243 207360
2.65024 207720
2.65761 208080
2.66543 208440
2.67324 208800
2.68105 209160
2.68886 209520
2.69667 209880
2.70498 210240
2.71279 210600
2.7206 210960
2.72841 211320
2.73622 211680
2.7436 212040
2.75141 212400
2.75922 212760
2.76703 213120
2.77484 213480
2.78266 213840
2.79047 214200
2.79828 214560
2.80609 214920
2.8139 215280
2.82128 215640
2.82959 216000
2.8374 216360
2.84521 216720
2.85302 217080
2.86083 217440
2.86864 217800
2.87645 218160
2.88426 218520
2.89208 218880
2.89989 219240
2.90726 219600
2.91508 219960
2.92289 220320
2.9307 220680
2.93851 221040
2.94632 221400
2.95463 221760
2.96244 222120
2.97025 222480
2.97806 222840
2.98587 223200
2.99325 223560
3.00106 223920
3.00887 224280
3.01668 224640
3.02449 225000
3.03231 225360
3.04012 225720
3.04793 226080
3.05574 226440
3.06312 226800
3.07093 227160
3.07924 227520
3.08705 227880
3.09486 228240
3.10267 228600
3.11048 228960
3.11829 229320
3.1261 229680
3.13391 230040
3.14172 230400
3.1491 230760
3.15691 231120
3.16472 231480
3.17254 231840
3.18035 232200
3.18816 232560
3.19597 232920
3.20428 233280
3.21209 233640
3.2199 234000
3.22771 234360
3.23509 234720
3.2429 235080
3.25071 235440
3.25852 235800
3.26633 236160
3.27414 236520
3.28196 236880
3.28977 237240
3.29758 237600
3.30539 237960
3.31277 238320
3.32058 238680
3.32888 239040
3.3367 239400
3.34451 239760
3.35232 240120
3.36013 240480
3.36794 240840
3.37575 241200
3.38356 241560
3.39137 241920
3.39875 242280
3.40656 242640
3.41437 243000
3.42219 243360
3.43 243720
3.43781 244080
3.44562 244440
3.45393 244800
3.46174 245160
3.46955 245520
3.47693 245880
3.48474 246240
3.49255 246600
3.50036 246960
3.50817 247320
3.51598 247680
3.52379 248040
3.5316 248400
3.53942 248760
3.54723 249120
3.5546 249480
3.56242 249840
3.57023 250200
3.57853 250560
3.58635 250920
3.59416 251280
3.60197 251640
3.60978 252000
3.61759 252360
3.6254 252720
3.63321 253080
3.64059 253440
3.6484 253800
3.65621 254160
3.66402 254520
3.67184 254880
3.67965 255240
3.68746 255600
3.69527 255960
3.70358 256320
3.71139 256680
3.7192 257040
3.72658 257400
3.73439 257760
3.7422 258120
3.75001 258480
3.75782 258840
3.76563 259200
3.77344 259560
3.78125 259920
3.78907 260280
3.79688 260640
3.80425 261000
3.81207 261360
3.81988 261720
3.82818 262080
3.836 262440
3.84381 262800
3.85162 263160
3.85943 263520
3.86724 263880
3.87505 264240
3.88243 264600
3.89024 264960
3.89805 265320
3.90586 265680
3.91367 266040
3.92148 266400
3.9293 266760
3.93711 267120
3.94492 267480
3.95323 267840
3.96104 268200
3.96841 268560
3.97623 268920
3.98404 269280
3.99185 269640
3.99966 270000
4.00747 270360
4.01528 270720
4.02309 271080
4.0309 271440
4.03872 271800
4.04609 272160
4.0539 272520
4.06172 272880
4.06953 273240
4.07783 273600
4.08564 273960
4.09346 274320
4.10127 274680
4.10908 275040
4.11689 275400
4.1247 275760
4.13208 276120
4.13989 276480
4.1477 276840
4.15551 277200
4.16332 277560
4.17113 277920
4.17895 278280
4.18676 278640
4.19457 279000
4.20288 279360
4.21069 279720
4.21806 280080
4.22588 280440
4.23369 280800
4.2415 281160
4.24931 281520
4.25712 281880
4.26493 282240
4.27274 282600
4.28055 282960
4.28793 283320
4.29574 283680
4.30355 284040
4.31136 284400
4.31918 284760
4.32748 285120
4.33529 285480
4.34311 285840
4.35092 286200
4.35873 286560
4.36654 286920
4.37392 287280
4.38173 287640
4.38954 288000
4.39735 288360
4.40516 288720
4.41297 289080
4.42078 289440
4.4286 289800
4.43641 290160
4.44422 290520
4.45252 290880
4.4599 291240
4.46771 291600
4.47552 291960
4.48334 292320
4.49115 292680
4.49896 293040
4.50677 293400
4.51458 293760
4.52239 294120
4.5302 294480
4.53758 294840
4.54539 295200
4.5532 295560
4.56101 295920
4.56883 296280
4.57713 296640
4.58494 297000
4.59276 297360
4.60057 297720
4.60838 298080
4.61619 298440
4.62357 298800
4.63138 299160
4.63919 299520
4.647 299880
4.65481 300240
4.66262 300600
4.67043 300960
4.67824 301320
4.68606 301680
4.69343 302040
4.70217 302400
4.70955 302760
4.71736 303120
4.72517 303480
4.73299 303840
4.7408 304200
4.74861 304560
4.75642 304920
4.76423 305280
4.77204 305640
4.77942 306000
4.78723 306360
4.79504 306720
4.80285 307080
4.81066 307440
4.81848 307800
4.82678 308160
4.83459 308520
4.8424 308880
4.85022 309240
4.85803 309600
4.8654 309960
4.87322 310320
4.88103 310680
4.88884 311040
4.89665 311400
4.90446 311760
4.91227 312120
4.92008 312480
4.92789 312840
4.93571 313200
4.94308 313560
4.95139 313920
4.9592 314280
4.96701 314640
4.97482 315000
4.98264 315360
4.99045 315720
4.99826 316080
5.00607 316440
5.01388 316800
5.02169 317160
5.02907 317520
5.03688 317880
5.04469 318240
5.0525 318600
5.06031 318960
5.06812 319320
5.07643 319680
5.08424 320040
5.09205 320400
5.09987 320760
5.10768 321120
5.11505 321480
5.12287 321840
5.13068 322200
5.13849 322560
5.1463 322920
5.15411 323280
5.16192 323640
5.16973 324000
5.17754 324360
5.18492 324720
5.19273 325080
5.20104 325440
5.20885 325800
5.21666 326160
5.22447 326520
5.23228 326880
5.2401 327240
5.24791 327600
5.25572 327960
5.26353 328320
5.27091 328680
5.27872 329040
5.28653 329400
5.29434 329760
5.30215 330120
5.30996 330480
5.31777 330840
5.32608 331200
5.33389 331560
5.3417 331920
5.34952 332280
5.35689 332640
5.3647 333000
5.37252 333360
5.38033 333720
5.38814 334080
5.39595 334440
5.40376 334800
5.41157 335160
5.41938 335520
5.42719 335880
5.43457 336240
5.44238 336600
5.45069 336960
5.4585 337320
5.46631 337680
5.47412 338040
5.48193 338400
5.48975 338760
5.49756 339120
5.50537 339480
5.51318 339840
5.52056 340200
5.52837 340560
5.53618 340920
5.54399 341280
5.5518 341640
5.55961 342000
5.56742 342360
5.57573 342720
5.58354 343080
5.59135 343440
5.59916 343800
5.60654 344160
5.61435 344520
5.62216 344880
5.62998 345240
5.63779 345600
5.6456 345960
5.65341 346320
5.66122 346680
5.66903 347040
5.67641 347400
5.68422 347760
5.69203 348120
5.70034 348480
5.70815 348840
5.71596 349200
5.72377 349560
5.73158 349920
5.7394 350280
5.74721 350640
5.75502 351000
5.7624 351360
5.77021 351720
5.77802 352080
5.78583 352440
5.79364 352800
5.80145 353160
5.80926 353520
5.81707 353880
5.82538 354240
5.83319 354600
5.841 354960
5.84838 355320
5.85619 355680
5.864 356040
5.87181 356400
5.87963 356760
5.88744 357120
5.89525 357480
5.90306 357840
5.91087 358200
5.91868 358560
5.92606 358920
5.93387 359280
5.94168 359640
5.94999 360000
5.9578 360360
5.96561 360720
5.97342 361080
5.98123 361440
5.98904 361800
5.99686 362160
6.00467 362520
6.01204 362880
6.01986 363240
6.02767 363600
6.03548 363960
6.04329 364320
6.0511 364680
6.05891 365040
6.06672 365400
6.07503 365760
6.08284 366120
6.09065 366480
6.09803 366840
6.10584 367200
6.11365 367560
6.12146 367920
6.12928 368280
6.13709 368640
6.1449 369000
6.15271 369360
6.16052 369720
6.1679 370080
6.17571 370440
6.18352 370800
6.19133 371160
6.19964 371520
6.20745 371880
6.21526 372240
6.22307 372600
6.23088 372960
6.23869 373320
6.24651 373680
6.25388 374040
6.26169 374400
6.26951 374760
6.27732 375120
6.28513 375480
6.29294 375840
6.30075 376200
6.30856 376560
6.31637 376920
6.32468 377280
6.33249 377640
6.33987 378000
6.34768 378360
6.35549 378720
6.3633 379080
6.37111 379440
6.37892 379800
6.38674 380160
6.39455 380520
6.40236 380880
6.41017 381240
6.41755 381600
6.42536 381960
6.43317 382320
6.44098 382680
6.44929 383040
6.4571 383400
6.46491 383760
6.47272 384120
6.48053 384480
6.48834 384840
6.49616 385200
6.50353 385560
6.51134 385920
6.51916 386280
6.52697 386640
6.53478 387000
6.54259 387360
6.5504 387720
6.55821 388080
6.56602 388440
6.57433 388800
6.58171 389160
6.58952 389520
6.59733 389880
6.60514 390240
6.61295 390600
6.62076 390960
6.62857 391320
6.63639 391680
6.6442 392040
6.65201 392400
6.65939 392760
6.6672 393120
6.67501 393480
6.68282 393840
6.69063 394200
6.69894 394560
6.70675 394920
6.71456 395280
6.72237 395640
6.73018 396000
6.73799 396360
6.74537 396720
6.75318 397080
6.76099 397440
6.7688 397800
6.77662 398160
6.78443 398520
6.79224 398880
6.80005 399240
6.80786 399600
6.81567 399960
6.82398 400320
6.83136 400680
6.83917 401040
6.84698 401400
6.85479 401760
6.8626 402120
6.87041 402480
6.87822 402840
6.88604 403200
6.89385 403560
6.90166 403920
6.90904 404280
6.91685 404640
6.92466 405000
6.93247 405360
6.94028 405720
6.94859 406080
6.9564 406440
6.96421 406800
6.97202 407160
6.97983 407520
6.98721 407880
6.99502 408240
7.00283 408600
7.01064 408960
7.01845 409320
7.02627 409680
7.03408 410040
7.04189 410400
7.0497 410760
7.05751 411120
7.06489 411480
7.0732 411840
7.08101 412200
7.08882 412560
7.09663 412920
7.10444 413280
7.11225 413640
7.12006 414000
7.12787 414360
7.13568 414720
7.1435 415080
7.15087 415440
7.15868 415800
7.1665 416160
7.17431 416520
7.18212 416880
7.18993 417240
7.19824 417600
7.20605 417960
7.21386 418320
7.22167 418680
7.22948 419040
7.23686 419400
7.24467 419760
7.25248 420120
7.26029 420480
7.2681 420840
7.27592 421200
7.28373 421560
7.29154 421920
7.29935 422280
7.30716 422640
7.31454 423000
7.32284 423360
7.33066 423720
7.33847 424080
7.34628 424440
7.35409 424800
7.3619 425160
7.36971 425520
7.37752 425880
7.38533 426240
7.39271 426600
7.40052 426960
7.40833 427320
7.41615 427680
7.42396 428040
7.43177 428400
7.43958 428760
7.44789 429120
7.4557 429480
7.46351 429840
7.47132 430200
7.4787 430560
7.48651 430920
7.49432 431280
7.50213 431640
7.50994 432000
7.51775 432360
7.52556 432720
7.53338 433080
7.54119 433440
7.549 433800
7.55638 434160
7.56419 434520
7.57249 434880
7.58031 435240
7.58812 435600
7.59593 435960
7.60374 436320
7.61155 436680
7.61936 437040
7.62717 437400
7.63498 437760
7.64236 438120
7.65017 438480
7.65798 438840
7.6658 439200
7.67361 439560
7.68142 439920
7.68923 440280
7.69754 440640
7.70535 441000
7.71316 441360
7.72097 441720
7.72835 442080
7.73616 442440
7.74397 442800
7.75178 443160
7.75959 443520
7.7674 443880
7.77521 444240
7.78303 444600
7.79084 444960
7.79821 445320
7.80603 445680
7.81384 446040
7.82214 446400
7.82996 446760
7.83777 447120
7.84558 447480
7.85339 447840
7.8612 448200
7.86901 448560
7.87682 448920
7.8842 449280
7.89201 449640
7.89982 450000
7.90763 450360
7.91544 450720
7.92326 451080
7.93107 451440
7.93888 451800
7.94719 452160
7.955 452520
7.96281 452880
7.97019 453240
7.978 453600
7.98581 453960
7.99362 454320
8.00143 454680
8.00924 455040
8.01705 455400
8.02486 455760
8.03268 456120
8.04049 456480
8.04786 456840
8.05568 457200
8.06349 457560
8.07179 457920
8.0796 458280
8.08742 458640
8.09523 459000
8.10304 459360
8.11085 459720
8.11866 460080
8.12647 460440
8.13385 460800
8.14166 461160
8.14947 461520
8.15728 461880
8.16509 462240
8.17291 462600
8.18072 462960
8.18853 463320
8.19684 463680
8.20465 464040
8.21246 464400
8.21984 464760
8.22765 465120
8.23546 465480
8.24327 465840
8.25108 466200
8.25889 466560
8.2667 466920
8.27451 467280
8.28232 467640
8.2897 468000
8.29751 468360
8.30532 468720
8.31314 469080
8.32144 469440
8.32925 469800
8.33707 470160
8.34488 470520
8.35269 470880
8.3605 471240
8.36831 471600
8.37569 471960
8.3835 472320
8.39131 472680
8.39912 473040
8.40693 473400
8.41474 473760
8.42256 474120
8.43037 474480
8.43818 474840
8.44648 475200
8.4543 475560
8.46167 475920
8.46948 476280
8.4773 476640
8.48511 477000
8.49292 477360
8.50073 477720
8.50854 478080
8.51635 478440
8.52416 478800
8.53197 479160
8.53935 479520
8.54716 479880
8.55497 480240
8.56279 480600
8.57109 480960
8.5789 481320
8.58672 481680
8.59453 482040
8.60234 482400
8.61015 482760
8.61796 483120
8.62534 483480
8.63315 483840
8.64096 484200
8.64877 484560
8.65658 484920
8.66439 485280
8.6722 485640
8.68002 486000
8.68783 486360
8.69613 486720
8.70395 487080
8.71132 487440
8.71913 487800
8.72695 488160
8.73476 488520
8.74257 488880
8.75038 489240
8.75819 489600
8.766 489960
8.77381 490320
8.78119 490680
8.789 491040
8.79681 491400
8.80462 491760
8.81244 492120
8.82074 492480
8.82855 492840
8.83636 493200
8.84418 493560
8.85199 493920
8.8598 494280
8.86718 494640
8.87499 495000
8.8828 495360
8.89061 495720
8.89842 496080
8.90623 496440
8.91404 496800
8.92185 497160
8.92967 497520
8.93748 497880
8.94578 498240
8.95316 498600
8.96097 498960
8.96878 499320
8.9766 499680
8.98441 500040
8.99222 500400
9.00003 500760
9.00784 501120
9.01565 501480
9.02346 501840
9.03084 502200
9.03865 502560
9.04646 502920
9.05427 503280
9.06208 503640
9.07039 504000
9.0782 504360
9.08601 504720
9.09383 505080
9.10164 505440
9.10945 505800
9.11683 506160
9.12464 506520
9.13245 506880
9.14026 507240
9.14807 507600
9.15588 507960
9.16369 508320
9.1715 508680
9.17932 509040
9.18669 509400
9.19543 509760
9.20281 510120
9.21062 510480
9.21843 510840
9.22624 511200
9.23406 511560
9.24187 511920
9.24968 512280
9.25749 512640
9.2653 513000
9.27268 513360
9.28049 513720
9.2883 514080
9.29611 514440
9.30392 514800
9.31173 515160
9.32004 515520
9.32785 515880
9.33566 516240
9.34348 516600
9.35129 516960
9.35866 517320
9.36648 517680
9.37429 518040
9.3821 518400
9.38991 518760
9.39772 519120
9.40553 519480
9.41334 519840
9.42115 520200
9.42896 520560
9.43634 520920
9.44465 521280
9.45246 521640
9.46027 522000
9.46808 522360
9.47589 522720
9.48371 523080
9.49152 523440
9.49933 523800
9.50714 524160
9.51495 524520
9.52233 524880
9.53014 525240
9.53795 525600
9.54576 525960
9.55357 526320
9.56138 526680
9.56969 527040
9.5775 527400
9.58531 527760
9.59312 528120
9.60094 528480
9.60831 528840
9.61612 529200
9.62394 529560
9.63175 529920
9.63956 530280
9.64737 530640
9.65518 531000
9.66299 531360
9.6708 531720
9.67818 532080
9.68599 532440
9.6943 532800
9.70211 533160
9.70992 533520
9.71773 533880
9.72554 534240
9.73336 534600
9.74117 534960
9.74898 535320
9.75679 535680
9.76417 536040
9.77198 536400
9.77979 536760
9.7876 537120
9.79541 537480
9.80322 537840
9.81103 538200
9.81934 538560
9.82715 538920
9.83496 539280
9.84277 539640
9.85015 540000
9.85796 540360
9.86577 540720
9.87359 541080
9.8814 541440
9.88921 541800
9.89702 542160
9.90483 542520
9.91264 542880
9.92045 543240
9.92783 543600
9.93564 543960
9.94395 544320
9.95176 544680
9.95957 545040
9.96738 545400
9.97519 545760
9.983 546120
9.99082 546480
9.99863 546840
