0.0505504 1
0.0505504 361
0.0505504 721
0.0505504 1081
0.0505504 1441
0.0505504 1801
0.0505504 2161
0.0505504 2521
0.0505504 2881
0.0505504 3241
0.0505504 3601
0.102643 3961
0.102643 4097
0.104243 4457
0.104243 4609
0.104448 4969
0.104448 5121
0.105472 5481
0.105472 5633
0.106906 5993
0.106906 6145
0.10793 6505
0.10793 6657
0.108134 7017
0.108134 7169
0.157286 7529
0.157286 7681
0.158925 8041
0.158925 8193
0.160598 4097
0.161797 4609
0.161797 4969
0.21192 5121
0.213717 5993
0.213717 6353
0.215514 6505
0.216712 6657
0.216712 8193
0.216712 8553
0.216712 8705
0.216712 8193
0.216712 8553
0.216712 8705
0.268774 9065
0.268774 9425
0.271374 9785
0.271374 10145
0.271374 10505
0.271374 10753
0.271565 11113
0.271565 11265
0.27177 11625
0.27177 11777
0.271974 12137
0.271974 12289
0.272179 12649
0.272179 12801
0.323789 13161
0.323789 13313
0.326656 13673
0.326656 13825
0.32768 14185
0.32768 14337
0.328152 10505
0.378379 11625
0.378379 11985
0.382541 12289
0.43311 12649
0.43311 12801
0.43311 13313
0.43311 13673
0.43311 14337
0.43311 14697
0.43311 15057
0.487928 15417
0.487928 15777
0.488826 16137
0.489157 16497
0.542821 16857
0.543152 17217
0.543917 17409
0.598046 16137
0.598046 16497
1.38292 13313
1.38292 13673
3.38292 13313
3.38292 13673
7.38292 13313
7.38292 13673
