0.0 0
0.050464 0.05
0.102379 0.05025
0.103042 0.0505937
0.103704 0.0508945
0.1048 0.0512827
0.105462 0.0517474
0.154251 0.058279
0.154914 0.0574941
0.155576 0.0568073
0.156238 0.0563314
0.156901 0.055915
0.157997 0.0556756
0.158659 0.0554662
0.159322 0.0554079
0.159984 0.0552319
0.206123 0.0609529
0.207219 0.0599588
0.207882 0.0590889
0.208544 0.0584528
0.209206 0.0580212
0.209869 0.0575186
0.210531 0.0572037
0.211627 0.0569283
0.21229 0.0568122
0.212952 0.0567107
0.213614 0.0567469
0.214277 0.0567785
0.214939 0.0568062
0.216035 0.0569554
0.216698 0.057086
0.21736 0.0572002
0.218022 0.0574252
0.218685 0.0576221
0.257995 0.0626693
0.258658 0.0613356
0.25932 0.0602937
0.260416 0.059382
0.261078 0.0587092
0.261741 0.0581206
0.262403 0.0577305
0.263066 0.0573892
0.263728 0.0570905
0.264824 0.0568292
0.265486 0.0567256
0.266149 0.0567599
0.266811 0.0567899
0.267474 0.0568162
0.268136 0.0569641
0.269232 0.0570936
0.269894 0.0572069
0.270557 0.057306
0.271219 0.0575178
0.271882 0.0577031
0.272544 0.0579902
0.273206 0.0582414
0.274302 0.0585862
0.274965 0.058763
0.275627 0.0590426
0.27629 0.0594123
0.276952 0.0597357
0.277614 0.0598938
0.27871 0.060157
0.279373 0.0605124
0.280035 0.0609484
0.280698 0.0612048
0.28136 0.0615542
0.282022 0.0618599
0.283118 0.0622524
0.283781 0.0625959
0.309867 0.0661464
0.31053 0.0645031
0.311192 0.0631902
0.311854 0.0619164
0.312517 0.0609269
0.313613 0.060061
0.314275 0.0594284
0.314938 0.0587498
0.3156 0.0582811
0.316262 0.057871
0.316925 0.0575121
0.318021 0.0574481
0.318683 0.0573921
0.319346 0.0573431
0.320008 0.0574252
0.32067 0.057372
0.321333 0.0574505
0.322429 0.0576442
0.323091 0.0579387
0.323754 0.0580714
0.324416 0.0583124
0.325078 0.0585234
0.325741 0.058708
0.326403 0.0588695
0.327346 0.0591358
0.327842 0.0593688
0.328338 0.0594477
0.328834 0.0592667
0.32933 0.0589834
0.329826 0.0584855
0.330755 0.0579248
0.332448 0.0574342
0.334496 0.0570049
0.336544 0.0566293
0.338592 0.0563006
0.34064 0.0560131
0.342688 0.0557614
0.344736 0.0555412
0.346784 0.0553486
0.348832 0.05518
0.35088 0.0550325
0.352928 0.0547784
0.354976 0.0545561
0.357024 0.0544866
0.359072 0.0544258
0.36112 0.0543726
0.363168 0.054326
0.365216 0.0542852
0.367264 0.0542496
0.369312 0.0542184
0.37136 0.0541911
0.373408 0.0541672
0.375456 0.0541463
0.377504 0.054128
0.379552 0.054112
0.3816 0.054098
0.383648 0.0540858
0.385696 0.054075
0.387744 0.0540657
0.389792 0.0540575
0.39184 0.0540503
0.393888 0.054044
0.395936 0.0539135
0.397984 0.0537993
0.400032 0.0538244
0.40208 0.0538463
0.404128 0.0538655
0.406176 0.0538824
0.408224 0.0538971
0.410272 0.0539099
0.41232 0.0539212
0.414368 0.053931
0.416416 0.0539397
0.418464 0.0539472
0.420512 0.0539538
0.42256 0.0539596
0.424608 0.0539646
0.426656 0.053969
0.428704 0.0539729
0.430752 0.0539763
0.4328 0.0539793
0.434848 0.0539819
0.436896 0.0539841
0.438944 0.0538611
0.440992 0.0537535
0.44304 0.0537843
0.445088 0.0538112
0.447136 0.0538348
0.449184 0.0538555
0.451232 0.0538735
0.45328 0.0538894
0.455328 0.0539032
0.457376 0.0539153
0.459424 0.0539259
0.461472 0.0539351
0.46352 0.0539432
0.465568 0.0539503
0.467616 0.0539565
0.469664 0.053962
0.471712 0.0539667
0.47376 0.0539709
0.475808 0.0539745
0.477856 0.0539777
0.479904 0.0539805
0.481952 0.0538579
0.484 0.0538757
0.486048 0.0538912
0.488096 0.0539048
0.490144 0.0539167
0.492192 0.0539271
0.49424 0.0539362
0.496288 0.0539442
0.498336 0.0539512
0.500384 0.0539573
0.502432 0.0539626
0.50448 0.0539673
0.506528 0.0539714
0.508576 0.053975
0.510624 0.0539781
0.512672 0.0539808
0.51472 0.0539832
0.516768 0.0539853
0.518816 0.0539872
0.520864 0.0539888
0.522912 0.0539902
0.52496 0.0538664
0.527008 0.0538831
0.529056 0.0538977
0.531104 0.0539105
0.533152 0.0539217
0.5352 0.0539315
0.537248 0.05394
0.539296 0.0539475
0.541344 0.0539541
0.543392 0.0539598
0.54544 0.0539648
0.547488 0.0539692
0.549536 0.0539731
0.551584 0.0539765
0.553632 0.0539794
0.55568 0.053982
0.557728 0.0539842
0.559776 0.0539862
0.561824 0.0539879
0.563872 0.0539894
0.56592 0.0538657
0.567968 0.0537575
0.570016 0.0537878
0.572064 0.0538144
0.574112 0.0538376
0.57616 0.0538579
0.578208 0.0538756
0.580256 0.0538912
0.582304 0.0539048
0.584352 0.0539167
0.5864 0.0539271
0.588448 0.0539362
0.590496 0.0539442
0.592544 0.0539512
0.594592 0.0539573
0.59664 0.0539626
0.598688 0.0539673
0.600736 0.0539714
0.602784 0.0539749
0.604832 0.0539781
0.60688 0.0539808
0.608928 0.0538582
0.610976 0.0537509
0.613024 0.0537821
0.615072 0.0538093
0.61712 0.0538331
0.619168 0.053854
0.621216 0.0538723
0.623264 0.0538882
0.625312 0.0539022
0.62736 0.0539144
0.629408 0.0539251
0.631456 0.0539345
0.633504 0.0539427
0.635552 0.0539498
0.6376 0.0539561
0.639648 0.0539616
0.641696 0.0539664
0.643744 0.0539706
0.645792 0.0539743
0.64784 0.0539775
0.649888 0.0539803
0.651936 0.0538578
0.653984 0.0537505
0.656032 0.0537817
0.65808 0.053809
0.660128 0.0538329
0.662176 0.0538538
0.664224 0.053872
0.666272 0.053888
0.66832 0.053902
0.670368 0.0539143
0.672416 0.053925
0.674464 0.0539344
0.676512 0.0539426
0.67856 0.0539498
0.680608 0.053956
0.682656 0.0539615
0.684704 0.0539663
0.686752 0.0539705
0.6888 0.0539742
0.690848 0.0539774
0.692896 0.0539803
0.694944 0.0538577
0.696992 0.0537505
0.69904 0.0537817
0.701088 0.053809
0.703136 0.0538329
0.705184 0.0538538
0.707232 0.053872
0.70928 0.053888
0.711328 0.053902
0.713376 0.0539143
0.715424 0.053925
0.717472 0.0539344
0.71952 0.0539426
0.721568 0.0539497
0.723616 0.053956
0.725664 0.0539615
0.727712 0.0539663
0.72976 0.0539705
0.731808 0.0539742
0.733856 0.0539774
0.735904 0.0539803
0.737952 0.0538577
0.74 0.0538755
0.742048 0.0538911
0.744096 0.0539047
0.746144 0.0539166
0.748192 0.053927
0.75024 0.0539361
0.752288 0.0539441
0.754336 0.0539511
0.756384 0.0539572
0.758432 0.0539626
0.76048 0.0539672
0.762528 0.0539713
0.764576 0.0539749
0.766624 0.0539781
0.768672 0.0539808
0.77072 0.0539832
0.772768 0.0539853
0.774816 0.0539871
0.776864 0.0539887
0.778912 0.0539902
0.78096 0.0538664
0.783008 0.0538831
0.785056 0.0538977
0.787104 0.0539105
0.789152 0.0539217
0.7912 0.0539315
0.793248 0.05394
0.795296 0.0539475
0.797344 0.0539541
0.799392 0.0539598
0.80144 0.0539648
0.803488 0.0539692
0.805536 0.0539731
0.807584 0.0539764
0.809632 0.0539794
0.81168 0.053982
0.813728 0.0539842
0.815776 0.0539862
0.817824 0.0539879
0.819872 0.0539894
0.82192 0.0538657
0.823968 0.0537575
0.826016 0.0537878
0.828064 0.0538144
0.830112 0.0538376
0.83216 0.0538579
0.834208 0.0538756
0.836256 0.0538912
0.838304 0.0539048
0.840352 0.0539167
0.8424 0.0539271
0.844448 0.0539362
0.846496 0.0539442
0.848544 0.0539512
0.850592 0.0539573
0.85264 0.0539626
0.854688 0.0539673
0.856736 0.0539714
0.858784 0.0539749
0.860832 0.0539781
0.86288 0.0539808
0.864928 0.0538582
0.866976 0.0537509
0.869024 0.0537821
0.871072 0.0538093
0.87312 0.0538331
0.875168 0.053854
0.877216 0.0538723
0.879264 0.0538882
0.881312 0.0539022
0.88336 0.0539144
0.885408 0.0539251
0.887456 0.0539345
0.889504 0.0539427
0.891552 0.0539498
0.8936 0.0539561
0.895648 0.0539616
0.897696 0.0539664
0.899744 0.0539706
0.901792 0.0539743
0.90384 0.0539775
0.905888 0.0539803
0.907936 0.0538578
0.909984 0.0537505
0.912032 0.0537817
0.91408 0.053809
0.916128 0.0538329
0.918176 0.0538538
0.920224 0.053872
0.922272 0.053888
0.92432 0.053902
0.926368 0.0539143
0.928416 0.053925
0.930464 0.0539344
0.932512 0.0539426
0.93456 0.0539498
0.936608 0.053956
0.938656 0.0539615
0.940704 0.0539663
0.942752 0.0539705
0.9448 0.0539742
0.946848 0.0539774
0.948896 0.0539803
0.950944 0.0538577
0.952992 0.0537505
0.95504 0.0537817
0.957088 0.053809
0.959136 0.0538329
0.961184 0.0538538
0.963232 0.053872
0.96528 0.053888
0.967328 0.053902
0.969376 0.0539143
0.971424 0.053925
0.973472 0.0539344
0.97552 0.0539426
0.977568 0.0539497
0.979616 0.053956
0.981664 0.0539615
0.983712 0.0539663
0.98576 0.0539705
0.987808 0.0539742
0.989856 0.0539774
0.991904 0.0539803
0.993952 0.0538577
0.996 0.0538755
0.998048 0.0538911
1.0001 0.0539047
1.00214 0.0539166
1.00419 0.053927
1.00624 0.0539361
1.00829 0.0539441
1.01034 0.0539511
1.01238 0.0539572
1.01443 0.0539626
1.01648 0.0539672
1.01853 0.0539713
1.02058 0.0539749
1.02262 0.0539781
1.02467 0.0539808
1.02672 0.0539832
1.02877 0.0539853
1.03082 0.0539871
1.03286 0.0539887
1.03491 0.0539902
1.03696 0.0538664
1.03901 0.0538831
1.04106 0.0538977
1.0431 0.0539105
1.04515 0.0539217
1.0472 0.0539315
1.04925 0.05394
1.0513 0.0539475
1.0515 0.0537041
