0.0 0
0.050464 4294967295
0.102379 4294967295
0.103042 4294967295
0.103704 4294967295
0.1048 4294967295
0.105462 4294967295
0.154251 4294967295
0.154914 4294967295
0.155576 4294967295
0.156238 4294967295
0.156901 4294967295
0.157997 4294967295
0.158659 4294967295
0.159322 4294967295
0.159984 4294967295
0.206123 4294967295
0.207219 4294967295
0.207882 4294967295
0.208544 4294967295
0.209206 4294967295
0.209869 4294967295
0.210531 4294967295
0.211627 4294967295
0.21229 4294967295
0.212952 4294967295
0.213614 4294967295
0.214277 4294967295
0.214939 4294967295
0.216035 4294967295
0.216698 4294967295
0.21736 4294967295
0.218022 4294967295
0.218685 4294967295
0.257995 4294967295
0.258658 4294967295
0.25932 4294967295
0.260416 4294967295
0.261078 4294967295
0.261741 4294967295
0.262403 4294967295
0.263066 4294967295
0.263728 4294967295
0.264824 4294967295
0.265486 4294967295
0.266149 4294967295
0.266811 4294967295
0.267474 4294967295
0.268136 4294967295
0.269232 4294967295
0.269894 4294967295
0.270557 4294967295
0.271219 4294967295
0.271882 4294967295
0.272544 4294967295
0.273206 4294967295
0.274302 4294967295
0.274965 4294967295
0.275627 4294967295
0.27629 4294967295
0.276952 4294967295
0.277614 4294967295
0.27871 4294967295
0.279373 4294967295
0.280035 4294967295
0.280698 4294967295
0.28136 4294967295
0.282022 4294967295
0.283118 4294967295
0.283781 4294967295
0.309867 4294967295
0.31053 4294967295
0.311192 4294967295
0.311854 4294967295
0.312517 4294967295
0.313613 4294967295
0.314275 4294967295
0.314938 4294967295
0.3156 4294967295
0.316262 4294967295
0.316925 4294967295
0.318021 4294967295
0.318683 4294967295
0.319346 4294967295
0.320008 4294967295
0.32067 4294967295
0.321333 4294967295
0.322429 4294967295
0.323091 4294967295
0.323754 4294967295
0.324416 4294967295
0.325078 4294967295
0.325741 4294967295
0.326403 4294967295
0.327499 4294967295
0.328162 4294967295
0.328824 4294967295
0.329486 4294967295
0.330149 4294967295
0.330811 4294967295
0.331907 4294967295
0.33257 4294967295
0.333232 4294967295
0.333894 4294967295
0.334557 4294967295
0.335219 4294967295
0.336315 4294967295
0.336978 4294967295
0.33764 4294967295
0.338302 4294967295
0.338965 4294967295
0.339627 4294967295
0.340723 4294967295
0.341386 4294967295
0.342048 4294967295
0.34271 4294967295
0.343373 4294967295
0.344035 4294967295
0.345131 4294967295
0.345794 4294967295
0.346456 4294967295
0.347118 4294967295
0.347781 4294967295
0.348443 4294967295
0.349106 4294967295
0.350202 4294967295
0.350864 4294967295
0.351526 4294967295
0.352189 4294967295
0.352851 4294967295
0.353514 4294967295
0.35461 4294967295
0.355272 4294967295
0.355934 4294967295
0.356597 4294967295
0.357259 4294967295
0.357922 4294967295
0.359018 4294967295
0.35968 4294967295
0.360342 101880
0.367171 101880
0.374662 101880
0.382154 101880
0.389502 101880
0.397314 101880
0.405125 101880
0.412502 101880
0.420314 101880
0.428125 101880
0.435502 101880
0.443314 101880
0.451125 101880
0.459432 101880
0.46681 101880
0.474621 101880
0.482432 101880
0.48981 101880
0.497621 101880
0.505432 101880
0.513243 101880
0.520621 101880
0.528432 101880
0.536243 101880
0.544054 101880
0.551432 101880
0.559243 101880
0.567054 101880
0.574866 101880
0.583173 101880
0.590984 101880
0.598795 101880
0.606606 101880
0.614418 101880
0.621795 101880
0.629606 101880
0.637418 101880
0.645229 101880
0.65304 101880
0.660851 101880
0.668662 101880
0.676474 101880
0.684285 101880
0.692096 101880
0.699474 101880
0.707781 101880
0.715592 101880
0.723403 101880
0.731214 101880
0.739026 101880
0.746837 101880
0.754648 101880
0.762459 101880
0.77027 101880
0.777648 101880
0.785459 101880
0.79327 101880
0.801082 101880
0.808893 101880
0.816704 101880
0.824515 101880
0.832822 101880
0.840634 101880
0.848445 101880
0.856256 101880
0.863634 101880
0.871445 101880
0.879256 101880
0.887067 101880
0.894878 101880
0.90269 101880
0.910501 101880
0.918312 101880
0.926123 101880
0.933934 101880
0.941312 101880
0.949123 101880
0.95743 101880
0.965242 101880
0.973053 101880
0.980864 101880
0.988675 101880
0.996486 101880
1.0043 101880
1.01211 101880
1.01992 101880
1.0273 101880
1.03511 101880
1.04292 101880
1.05073 101880
1.05854 101880
1.06635 101880
1.07416 101880
1.08247 101880
1.09028 101880
1.09809 101880
1.10591 101880
1.11328 101880
1.12109 101880
1.12891 101880
1.13672 101880
1.14453 101880
1.15234 101880
1.16015 101880
1.16796 101880
1.17577 101880
1.18315 101880
1.19096 101880
1.19877 101880
1.20708 101880
1.21489 101880
1.2227 101880
1.23051 101880
1.23832 101880
1.24614 101880
1.25395 101880
1.26176 101880
1.26914 101880
1.27695 101880
1.28476 101880
1.29257 101880
1.30038 101880
1.30819 101880
1.316 101880
1.32381 101880
1.33212 101880
1.33993 101880
1.34774 101880
1.35512 101880
1.36293 101880
1.37074 101880
1.37856 101880
1.38637 101880
1.39418 101880
1.40199 101880
1.4098 101880
1.41761 101880
1.42542 101880
1.4328 101880
1.44061 101880
1.44842 101880
1.45673 101880
1.46454 101880
1.47235 101880
1.48016 101880
1.48797 101880
1.49579 101880
1.5036 101880
1.51141 101880
1.51879 101880
1.5266 101880
1.53441 101880
1.54222 101880
1.55003 101880
1.55784 101880
1.56565 101880
1.57346 101880
1.58177 101880
1.58958 101880
1.59739 101880
1.60477 101880
1.61258 101880
1.62039 101880
1.6282 101880
1.63602 101880
1.64383 101880
1.65164 101880
1.65945 101880
1.66726 101880
1.67464 101880
1.68245 101880
1.69026 101880
1.69807 101880
1.70638 101880
1.71419 101880
1.722 101880
1.72981 101880
1.73762 101880
1.74544 101880
1.75325 101880
1.76062 101880
1.76844 101880
1.77625 101880
1.78406 101880
1.79187 101880
1.79968 101880
1.80749 101880
1.8153 101880
1.82311 101880
1.83142 101880
1.83923 101880
1.84661 101880
1.85442 101880
1.86223 101880
1.87004 101880
1.87785 101880
1.88567 101880
1.89348 101880
1.90129 101880
1.9091 101880
1.91691 101880
1.92429 101880
1.9321 101880
1.93991 101880
1.94772 101880
1.95603 101880
1.96384 101880
1.97165 101880
1.97946 101880
1.98727 101880
1.99508 101880
2.0029 101880
2.01027 101880
2.01808 101880
2.0259 101880
2.03371 101880
2.04152 101880
2.04933 101880
2.05714 101880
2.06495 101880
2.07276 101880
2.08107 101880
2.08888 101880
2.09626 101880
2.10407 101880
2.11188 101880
2.11969 101880
2.1275 101880
2.13532 101880
2.14313 101880
2.15094 101880
2.15875 101880
2.16613 101880
2.17394 101880
2.18175 101880
2.18956 101880
2.19737 101880
2.20568 101880
2.21349 101880
2.2213 101880
2.22911 101880
2.23692 101880
2.24473 101880
2.25211 101880
2.25992 101880
2.26773 101880
2.27555 101880
2.28336 101880
2.29117 101880
2.29898 101880
2.30679 101880
2.3146 101880
2.32241 101880
2.33072 101880
2.3381 101880
2.34591 101880
2.35372 101880
2.36153 101880
2.36934 101880
2.37715 101880
2.38496 101880
2.39278 101880
2.40059 101880
2.4084 101880
2.41578 101880
2.42359 101880
2.4314 101880
2.43921 101880
2.44702 101880
2.45533 101880
2.46314 101880
2.47095 101880
2.47876 101880
2.48657 101880
2.49438 101880
2.50176 101880
2.50957 101880
2.51738 101880
2.5252 101880
2.53301 101880
2.54082 101880
2.54863 101880
2.55644 101880
2.56425 101880
2.57163 101880
2.58037 101880
2.58775 101880
2.59556 101880
2.60337 101880
2.61118 101880
2.61899 101880
2.6268 101880
2.63461 101880
2.64243 101880
2.65024 101880
2.65761 101880
2.66543 101880
2.67324 101880
2.68105 101880
2.68886 101880
2.69667 101880
2.70498 101880
2.71279 101880
2.7206 101880
2.72841 101880
2.73622 101880
2.7436 101880
2.75141 101880
2.75922 101880
2.76703 101880
2.77484 101880
2.78266 101880
2.79047 101880
2.79828 101880
2.80609 101880
2.8139 101880
2.82128 101880
2.82959 101880
2.8374 101880
2.84521 101880
2.85302 101880
2.86083 101880
2.86864 101880
2.87645 101880
2.88426 101880
2.89208 101880
2.89989 101880
2.90726 101880
2.91508 101880
2.92289 101880
2.9307 101880
2.93851 101880
2.94632 101880
2.95463 101880
2.96244 101880
2.97025 101880
2.97806 101880
2.98587 101880
2.99325 101880
3.00106 101880
3.00887 101880
3.01668 101880
3.02449 101880
3.03231 101880
3.04012 101880
3.04793 101880
3.05574 101880
3.06312 101880
3.07093 101880
3.07924 101880
3.08705 101880
3.09486 101880
3.10267 101880
3.11048 101880
3.11829 101880
3.1261 101880
3.13391 101880
3.14172 101880
3.1491 101880
3.15691 101880
3.16472 101880
3.17254 101880
3.18035 101880
3.18816 101880
3.19597 101880
3.20428 101880
3.21209 101880
3.2199 101880
3.22771 101880
3.23509 101880
3.2429 101880
3.25071 101880
3.25852 101880
3.26633 101880
3.27414 101880
3.28196 101880
3.28977 101880
3.29758 101880
3.30539 101880
3.31277 101880
3.32058 101880
3.32888 101880
3.3367 101880
3.34451 101880
3.35232 101880
3.36013 101880
3.36794 101880
3.37575 101880
3.38356 101880
3.39137 101880
3.39875 101880
3.40656 101880
3.41437 101880
3.42219 101880
3.43 101880
3.43781 101880
3.44562 101880
3.45393 101880
3.46174 101880
3.46955 101880
3.47693 101880
3.48474 101880
3.49255 101880
3.50036 101880
3.50817 101880
3.51598 101880
3.52379 101880
3.5316 101880
3.53942 101880
3.54723 101880
3.5546 101880
3.56242 101880
3.57023 101880
3.57853 101880
3.58635 101880
3.59416 101880
3.60197 101880
3.60978 101880
3.61759 101880
3.6254 101880
3.63321 101880
3.64059 101880
3.6484 101880
3.65621 101880
3.66402 101880
3.67184 101880
3.67965 101880
3.68746 101880
3.69527 101880
3.70358 101880
3.71139 101880
3.7192 101880
3.72658 101880
3.73439 101880
3.7422 101880
3.75001 101880
3.75782 101880
3.76563 101880
3.77344 101880
3.78125 101880
3.78907 101880
3.79688 101880
3.80425 101880
3.81207 101880
3.81988 101880
3.82818 101880
3.836 101880
3.84381 101880
3.85162 101880
3.85943 101880
3.86724 101880
3.87505 101880
3.88243 101880
3.89024 101880
3.89805 101880
3.90586 101880
3.91367 101880
3.92148 101880
3.9293 101880
3.93711 101880
3.94492 101880
3.95323 101880
3.96104 101880
3.96841 101880
3.97623 101880
3.98404 101880
3.99185 101880
3.99966 101880
4.00747 101880
4.01528 101880
4.02309 101880
4.0309 101880
4.03872 101880
4.04609 101880
4.0539 101880
4.06172 101880
4.06953 101880
4.07783 101880
4.08564 101880
4.09346 101880
4.10127 101880
4.10908 101880
4.11689 101880
4.1247 101880
4.13208 101880
4.13989 101880
4.1477 101880
4.15551 101880
4.16332 101880
4.17113 101880
4.17895 101880
4.18676 101880
4.19457 101880
4.20288 101880
4.21069 101880
4.21806 101880
4.22588 101880
4.23369 101880
4.2415 101880
4.24931 101880
4.25712 101880
4.26493 101880
4.27274 101880
4.28055 101880
4.28793 101880
4.29574 101880
4.30355 101880
4.31136 101880
4.31918 101880
4.32748 101880
4.33529 101880
4.34311 101880
4.35092 101880
4.35873 101880
4.36654 101880
4.37392 101880
4.38173 101880
4.38954 101880
4.39735 101880
4.40516 101880
4.41297 101880
4.42078 101880
4.4286 101880
4.43641 101880
4.44422 101880
4.45252 101880
4.4599 101880
4.46771 101880
4.47552 101880
4.48334 101880
4.49115 101880
4.49896 101880
4.50677 101880
4.51458 101880
4.52239 101880
4.5302 101880
4.53758 101880
4.54539 101880
4.5532 101880
4.56101 101880
4.56883 101880
4.57713 101880
4.58494 101880
4.59276 101880
4.60057 101880
4.60838 101880
4.61619 101880
4.62357 101880
4.63138 101880
4.63919 101880
4.647 101880
4.65481 101880
4.66262 101880
4.67043 101880
4.67824 101880
4.68606 101880
4.69343 101880
4.70217 101880
4.70955 101880
4.71736 101880
4.72517 101880
4.73299 101880
4.7408 101880
4.74861 101880
4.75642 101880
4.76423 101880
4.77204 101880
4.77942 101880
4.78723 101880
4.79504 101880
4.80285 101880
4.81066 101880
4.81848 101880
4.82678 101880
4.83459 101880
4.8424 101880
4.85022 101880
4.85803 101880
4.8654 101880
4.87322 101880
4.88103 101880
4.88884 101880
4.89665 101880
4.90446 101880
4.91227 101880
4.92008 101880
4.92789 101880
4.93571 101880
4.94308 101880
4.95139 101880
4.9592 101880
4.96701 101880
4.97482 101880
4.98264 101880
4.99045 101880
4.99826 101880
5.00607 101880
5.01388 101880
5.02169 101880
5.02907 101880
5.03688 101880
5.04469 101880
5.0525 101880
5.06031 101880
5.06812 101880
5.07643 101880
5.08424 101880
5.09205 101880
5.09987 101880
5.10768 101880
5.11505 101880
5.12287 101880
5.13068 101880
5.13849 101880
5.1463 101880
5.15411 101880
5.16192 101880
5.16973 101880
5.17754 101880
5.18492 101880
5.19273 101880
5.20104 101880
5.20885 101880
5.21666 101880
5.22447 101880
5.23228 101880
5.2401 101880
5.24791 101880
5.25572 101880
5.26353 101880
5.27091 101880
5.27872 101880
5.28653 101880
5.29434 101880
5.30215 101880
5.30996 101880
5.31777 101880
5.32608 101880
5.33389 101880
5.3417 101880
5.34952 101880
5.35689 101880
5.3647 101880
5.37252 101880
5.38033 101880
5.38814 101880
5.39595 101880
5.40376 101880
5.41157 101880
5.41938 101880
5.42719 101880
5.43457 101880
5.44238 101880
5.45069 101880
5.4585 101880
5.46631 101880
5.47412 101880
5.48193 101880
5.48975 101880
5.49756 101880
5.50537 101880
5.51318 101880
5.52056 101880
5.52837 101880
5.53618 101880
5.54399 101880
5.5518 101880
5.55961 101880
5.56742 101880
5.57573 101880
5.58354 101880
5.59135 101880
5.59916 101880
5.60654 101880
5.61435 101880
5.62216 101880
5.62998 101880
5.63779 101880
5.6456 101880
5.65341 101880
5.66122 101880
5.66903 101880
5.67641 101880
5.68422 101880
5.69203 101880
5.70034 101880
5.70815 101880
5.71596 101880
5.72377 101880
5.73158 101880
5.7394 101880
5.74721 101880
5.75502 101880
5.7624 101880
5.77021 101880
5.77802 101880
5.78583 101880
5.79364 101880
5.80145 101880
5.80926 101880
5.81707 101880
5.82538 101880
5.83319 101880
5.841 101880
5.84838 101880
5.85619 101880
5.864 101880
5.87181 101880
5.87963 101880
5.88744 101880
5.89525 101880
5.90306 101880
5.91087 101880
5.91868 101880
5.92606 101880
5.93387 101880
5.94168 101880
5.94999 101880
5.9578 101880
5.96561 101880
5.97342 101880
5.98123 101880
5.98904 101880
5.99686 101880
6.00467 101880
6.01204 101880
6.01986 101880
6.02767 101880
6.03548 101880
6.04329 101880
6.0511 101880
6.05891 101880
6.06672 101880
6.07503 101880
6.08284 101880
6.09065 101880
6.09803 101880
6.10584 101880
6.11365 101880
6.12146 101880
6.12928 101880
6.13709 101880
6.1449 101880
6.15271 101880
6.16052 101880
6.1679 101880
6.17571 101880
6.18352 101880
6.19133 101880
6.19964 101880
6.20745 101880
6.21526 101880
6.22307 101880
6.23088 101880
6.23869 101880
6.24651 101880
6.25388 101880
6.26169 101880
6.26951 101880
6.27732 101880
6.28513 101880
6.29294 101880
6.30075 101880
6.30856 101880
6.31637 101880
6.32468 101880
6.33249 101880
6.33987 101880
6.34768 101880
6.35549 101880
6.3633 101880
6.37111 101880
6.37892 101880
6.38674 101880
6.39455 101880
6.40236 101880
6.41017 101880
6.41755 101880
6.42536 101880
6.43317 101880
6.44098 101880
6.44929 101880
6.4571 101880
6.46491 101880
6.47272 101880
6.48053 101880
6.48834 101880
6.49616 101880
6.50353 101880
6.51134 101880
6.51916 101880
6.52697 101880
6.53478 101880
6.54259 101880
6.5504 101880
6.55821 101880
6.56602 101880
6.57433 101880
6.58171 101880
6.58952 101880
6.59733 101880
6.60514 101880
6.61295 101880
6.62076 101880
6.62857 101880
6.63639 101880
6.6442 101880
6.65201 101880
6.65939 101880
6.6672 101880
6.67501 101880
6.68282 101880
6.69063 101880
6.69894 101880
6.70675 101880
6.71456 101880
6.72237 101880
6.73018 101880
6.73799 101880
6.74537 101880
6.75318 101880
6.76099 101880
6.7688 101880
6.77662 101880
6.78443 101880
6.79224 101880
6.80005 101880
6.80786 101880
6.81567 101880
6.82398 101880
6.83136 101880
6.83917 101880
6.84698 101880
6.85479 101880
6.8626 101880
6.87041 101880
6.87822 101880
6.88604 101880
6.89385 101880
6.90166 101880
6.90904 101880
6.91685 101880
6.92466 101880
6.93247 101880
6.94028 101880
6.94859 101880
6.9564 101880
6.96421 101880
6.97202 101880
6.97983 101880
6.98721 101880
6.99502 101880
7.00283 101880
7.01064 101880
7.01845 101880
7.02627 101880
7.03408 101880
7.04189 101880
7.0497 101880
7.05751 101880
7.06489 101880
7.0732 101880
7.08101 101880
7.08882 101880
7.09663 101880
7.10444 101880
7.11225 101880
7.12006 101880
7.12787 101880
7.13568 101880
7.1435 101880
7.15087 101880
7.15868 101880
7.1665 101880
7.17431 101880
7.18212 101880
7.18993 101880
7.19824 101880
7.20605 101880
7.21386 101880
7.22167 101880
7.22948 101880
7.23686 101880
7.24467 101880
7.25248 101880
7.26029 101880
7.2681 101880
7.27592 101880
7.28373 101880
7.29154 101880
7.29935 101880
7.30716 101880
7.31454 101880
7.32284 101880
7.33066 101880
7.33847 101880
7.34628 101880
7.35409 101880
7.3619 101880
7.36971 101880
7.37752 101880
7.38533 101880
7.39271 101880
7.40052 101880
7.40833 101880
7.41615 101880
7.42396 101880
7.43177 101880
7.43958 101880
7.44789 101880
7.4557 101880
7.46351 101880
7.47132 101880
7.4787 101880
7.48651 101880
7.49432 101880
7.50213 101880
7.50994 101880
7.51775 101880
7.52556 101880
7.53338 101880
7.54119 101880
7.549 101880
7.55638 101880
7.56419 101880
7.57249 101880
7.58031 101880
7.58812 101880
7.59593 101880
7.60374 101880
7.61155 101880
7.61936 101880
7.62717 101880
7.63498 101880
7.64236 101880
7.65017 101880
7.65798 101880
7.6658 101880
7.67361 101880
7.68142 101880
7.68923 101880
7.69754 101880
7.70535 101880
7.71316 101880
7.72097 101880
7.72835 101880
7.73616 101880
7.74397 101880
7.75178 101880
7.75959 101880
7.7674 101880
7.77521 101880
7.78303 101880
7.79084 101880
7.79821 101880
7.80603 101880
7.81384 101880
7.82214 101880
7.82996 101880
7.83777 101880
7.84558 101880
7.85339 101880
7.8612 101880
7.86901 101880
7.87682 101880
7.8842 101880
7.89201 101880
7.89982 101880
7.90763 101880
7.91544 101880
7.92326 101880
7.93107 101880
7.93888 101880
7.94719 101880
7.955 101880
7.96281 101880
7.97019 101880
7.978 101880
7.98581 101880
7.99362 101880
8.00143 101880
8.00924 101880
8.01705 101880
8.02486 101880
8.03268 101880
8.04049 101880
8.04786 101880
8.05568 101880
8.06349 101880
8.07179 101880
8.0796 101880
8.08742 101880
8.09523 101880
8.10304 101880
8.11085 101880
8.11866 101880
8.12647 101880
8.13385 101880
8.14166 101880
8.14947 101880
8.15728 101880
8.16509 101880
8.17291 101880
8.18072 101880
8.18853 101880
8.19684 101880
8.20465 101880
8.21246 101880
8.21984 101880
8.22765 101880
8.23546 101880
8.24327 101880
8.25108 101880
8.25889 101880
8.2667 101880
8.27451 101880
8.28232 101880
8.2897 101880
8.29751 101880
8.30532 101880
8.31314 101880
8.32144 101880
8.32925 101880
8.33707 101880
8.34488 101880
8.35269 101880
8.3605 101880
8.36831 101880
8.37569 101880
8.3835 101880
8.39131 101880
8.39912 101880
8.40693 101880
8.41474 101880
8.42256 101880
8.43037 101880
8.43818 101880
8.44648 101880
8.4543 101880
8.46167 101880
8.46948 101880
8.4773 101880
8.48511 101880
8.49292 101880
8.50073 101880
8.50854 101880
8.51635 101880
8.52416 101880
8.53197 101880
8.53935 101880
8.54716 101880
8.55497 101880
8.56279 101880
8.57109 101880
8.5789 101880
8.58672 101880
8.59453 101880
8.60234 101880
8.61015 101880
8.61796 101880
8.62534 101880
8.63315 101880
8.64096 101880
8.64877 101880
8.65658 101880
8.66439 101880
8.6722 101880
8.68002 101880
8.68783 101880
8.69613 101880
8.70395 101880
8.71132 101880
8.71913 101880
8.72695 101880
8.73476 101880
8.74257 101880
8.75038 101880
8.75819 101880
8.766 101880
8.77381 101880
8.78119 101880
8.789 101880
8.79681 101880
8.80462 101880
8.81244 101880
8.82074 101880
8.82855 101880
8.83636 101880
8.84418 101880
8.85199 101880
8.8598 101880
8.86718 101880
8.87499 101880
8.8828 101880
8.89061 101880
8.89842 101880
8.90623 101880
8.91404 101880
8.92185 101880
8.92967 101880
8.93748 101880
8.94578 101880
8.95316 101880
8.96097 101880
8.96878 101880
8.9766 101880
8.98441 101880
8.99222 101880
9.00003 101880
9.00784 101880
9.01565 101880
9.02346 101880
9.03084 101880
9.03865 101880
9.04646 101880
9.05427 101880
9.06208 101880
9.07039 101880
9.0782 101880
9.08601 101880
9.09383 101880
9.10164 101880
9.10945 101880
9.11683 101880
9.12464 101880
9.13245 101880
9.14026 101880
9.14807 101880
9.15588 101880
9.16369 101880
9.1715 101880
9.17932 101880
9.18669 101880
9.19543 101880
9.20281 101880
9.21062 101880
9.21843 101880
9.22624 101880
9.23406 101880
9.24187 101880
9.24968 101880
9.25749 101880
9.2653 101880
9.27268 101880
9.28049 101880
9.2883 101880
9.29611 101880
9.30392 101880
9.31173 101880
9.32004 101880
9.32785 101880
9.33566 101880
9.34348 101880
9.35129 101880
9.35866 101880
9.36648 101880
9.37429 101880
9.3821 101880
9.38991 101880
9.39772 101880
9.40553 101880
9.41334 101880
9.42115 101880
9.42896 101880
9.43634 101880
9.44465 101880
9.45246 101880
9.46027 101880
9.46808 101880
9.47589 101880
9.48371 101880
9.49152 101880
9.49933 101880
9.50714 101880
9.51495 101880
9.52233 101880
9.53014 101880
9.53795 101880
9.54576 101880
9.55357 101880
9.56138 101880
9.56969 101880
9.5775 101880
9.58531 101880
9.59312 101880
9.60094 101880
9.60831 101880
9.61612 101880
9.62394 101880
9.63175 101880
9.63956 101880
9.64737 101880
9.65518 101880
9.66299 101880
9.6708 101880
9.67818 101880
9.68599 101880
9.6943 101880
9.70211 101880
9.70992 101880
9.71773 101880
9.72554 101880
9.73336 101880
9.74117 101880
9.74898 101880
9.75679 101880
9.76417 101880
9.77198 101880
9.77979 101880
9.7876 101880
9.79541 101880
9.80322 101880
9.81103 101880
9.81934 101880
9.82715 101880
9.83496 101880
9.84277 101880
9.85015 101880
9.85796 101880
9.86577 101880
9.87359 101880
9.8814 101880
9.88921 101880
9.89702 101880
9.90483 101880
9.91264 101880
9.92045 101880
9.92783 101880
9.93564 101880
9.94395 101880
9.95176 101880
9.95957 101880
9.96738 101880
9.97519 101880
9.983 101880
9.99082 101880
9.99863 101880
