0.129035 3961
0.129366 4321
0.129698 4681
0.130029 5041
0.13036 5401
0.130691 5761
0.131022 6121
0.131354 6481
0.131685 6841
0.132016 7201
0.132781 7561
0.133112 7921
0.133443 8281
0.133774 8641
0.134106 9001
0.134437 9361
0.134768 9721
0.135099 10081
0.180907 10441
0.181672 10801
0.182003 11161
0.182334 11521
0.182666 11881
0.182997 12241
0.183328 12601
0.183659 12961
0.18399 13321
0.184322 13681
0.184653 14041
0.184984 14401
0.185315 14761
0.185646 15121
0.186411 15481
0.186742 15841
0.187074 16201
0.187405 16561
0.187736 16921
0.188067 17281
0.188398 17641
0.18873 18001
0.189061 18361
0.189392 18721
0.189723 19081
0.190054 19441
0.190819 19801
0.19115 20161
0.191482 20521
0.191813 20881
0.192144 21241
0.192475 21601
0.192806 21961
0.193138 22321
0.193469 22681
0.1938 23041
0.232779 23401
0.23311 23761
0.233442 24121
0.233773 24481
0.234104 24841
0.234869 25201
0.2352 25561
0.235531 25921
0.235862 26281
0.236194 26641
0.236525 27001
0.236856 27361
0.237187 27721
0.237518 28081
0.23785 28441
0.238181 28801
0.238512 29161
0.238843 29521
0.239608 29881
0.239939 30241
0.24027 30601
0.240602 30961
0.240933 31321
0.241264 31681
0.241595 32041
0.241926 32401
0.242258 32761
0.242589 33121
0.24292 33481
0.243251 33841
0.244016 34201
0.244347 34561
0.244678 34921
0.24501 35281
0.245341 35641
0.245672 36001
0.246003 36361
0.246334 36721
0.246666 37081
0.246997 37441
0.247328 37801
0.247659 38161
0.24799 38521
0.248755 38881
0.249086 39241
0.249418 39601
0.249749 39961
0.25008 40321
0.250411 40681
0.250742 41041
0.251074 41401
0.251405 41761
0.251736 42121
0.252067 42481
0.252398 42841
0.253163 43201
0.253494 43561
0.253826 43921
0.254157 44281
0.254488 44641
0.254819 45001
0.25515 45361
0.255482 45721
0.255813 46081
0.256144 46441
0.256475 46801
0.256806 47161
0.257571 47521
0.257902 47881
0.258234 48241
0.258565 48601
0.258896 48961
0.284651 49321
0.284982 49681
0.285314 50041
0.285645 50401
0.285976 50761
0.286307 51121
0.286638 51481
0.28697 51841
0.287301 52201
0.287632 52561
0.288397 52921
0.288728 53281
0.289059 53641
0.28939 54001
0.289722 54361
0.290053 54721
0.290384 55081
0.290715 55441
0.291046 55801
0.291378 56161
0.291709 56521
0.29204 56881
0.292805 57241
0.293136 57601
0.293467 57961
0.293798 58321
0.29413 58681
0.294461 59041
0.294792 59401
0.295123 59761
0.295454 60121
0.295786 60481
0.296117 60841
0.296448 61201
0.297213 61561
0.297544 61921
0.297875 62281
0.298206 62641
0.298538 63001
0.298869 63361
0.2992 63721
0.299531 64081
0.299862 64441
0.300194 64801
0.300525 65161
0.300856 65521
0.301187 65881
0.301491 66049
0.30213 66409
0.302294 66561
0.302626 66921
0.30279 67073
0.303122 67433
0.303286 67585
0.303618 67945
0.303782 68097
0.304114 68457
0.304278 68609
0.30461 68969
0.304774 69121
0.305539 69481
0.305704 69633
0.307232 69993
0.307397 70145
0.30928 70505
0.309445 70657
0.311328 71017
0.311493 71169
0.313376 71529
0.313541 71681
0.315424 72041
0.315589 72193
0.317472 72553
0.317637 72705
0.31952 73065
0.319685 73217
0.321568 73577
0.321733 73729
0.323616 74089
0.323781 74241
0.325664 74601
0.325829 74753
0.327712 75113
0.327877 75265
0.32976 75625
0.329925 75777
0.331808 76137
0.331973 76289
0.333856 76649
0.334021 76801
0.335904 77161
0.336069 77313
0.337952 77673
0.338117 77825
0.34 78185
0.340165 78337
0.342048 78697
0.342213 78849
0.344096 79209
0.344261 79361
0.346144 79721
0.346309 79873
0.348192 80233
0.348357 80385
0.35024 80745
0.350405 80897
0.352288 81257
0.352453 81409
0.354336 81769
0.354501 81921
0.356384 82281
0.356549 82433
0.358432 82793
0.358597 82945
0.36048 83305
0.360645 83457
0.362528 83817
0.362693 83969
0.364576 84329
0.364741 84481
0.366624 84841
0.366789 84993
0.368672 85353
0.368837 85505
0.37072 85865
0.370885 86017
0.372768 86377
0.372933 86529
0.374816 86889
0.374981 87041
0.376864 87401
0.377029 87553
0.378912 87913
0.379077 88065
0.38096 88425
0.381125 88577
0.383008 88937
0.383173 89089
0.385056 89449
0.385221 89601
0.387104 89961
0.387269 90113
0.389152 90473
0.389317 90625
0.3912 90985
0.391365 91137
0.393248 91497
0.393413 91649
0.395296 92009
0.395461 92161
0.397344 92521
0.397509 92673
0.399392 93033
0.399557 93185
0.40144 93545
0.401605 93697
0.403488 94057
0.403653 94209
0.405536 94569
0.405701 94721
0.407584 95081
0.407749 95233
0.409632 95593
0.409797 95745
0.41168 96105
0.411845 96257
0.413728 96617
0.413893 96769
0.415776 97129
0.415941 97281
0.417824 97641
0.417989 97793
0.419872 98153
0.420037 98305
0.42192 98665
0.422085 98817
0.423968 99177
0.424133 99329
0.426016 99689
0.426181 99841
0.428064 100201
0.428229 100353
0.430112 100713
0.430277 100865
0.43216 101225
0.432325 101377
0.434208 101737
0.434373 101889
0.436256 102249
0.436421 102401
0.438304 102761
0.438469 102913
0.440352 103273
0.440517 103425
0.4424 103785
0.442565 103937
0.444448 104297
0.444613 104449
0.446496 104809
0.446661 104961
0.448544 105321
0.448709 105473
0.450592 105833
0.450757 105985
0.45264 106345
0.452805 106497
0.454688 106857
0.454853 107009
0.456736 107369
0.456901 107521
0.458784 107881
0.458949 108033
0.460832 108393
0.460997 108545
0.46288 108905
0.463045 109057
0.464928 109417
0.465093 109569
0.466976 109929
0.467141 110081
0.469024 110441
0.469189 110593
0.471072 110953
0.471237 111105
0.47312 111465
0.473285 111617
0.475168 111977
0.475333 112129
0.477216 112489
0.477381 112641
0.479264 113001
0.479429 113153
0.481312 113513
0.481477 113665
0.48336 114025
0.483525 114177
0.485408 114537
0.485573 114689
0.487456 115049
0.487621 115201
0.489504 115561
0.489669 115713
0.491552 116073
0.491717 116225
0.4936 116585
0.493765 116737
0.495648 117097
0.495813 117249
0.497696 117609
0.497861 117761
0.499744 118121
0.499909 118273
0.501792 118633
0.501957 118785
0.50384 119145
0.504005 119297
0.505888 119657
0.506053 119809
0.507936 120169
0.508101 120321
0.509984 120681
0.510149 120833
0.512032 121193
0.512197 121345
0.51408 121705
0.514245 121857
0.516128 122217
0.516293 122369
0.518176 122729
0.518341 122881
0.520224 123241
0.520389 123393
0.522272 123753
0.522437 123905
0.52432 124265
0.524485 124417
0.526368 124777
0.526533 124929
0.528416 125289
0.528581 125441
0.530464 125801
0.530629 125953
0.532512 126313
0.532677 126465
0.53456 126825
0.534725 126977
0.536608 127337
0.536773 127489
0.538656 127849
0.538821 128001
0.540704 128361
0.540869 128513
0.542752 128873
0.542917 129025
0.5448 129385
0.544965 129537
0.546848 129897
0.547013 130049
0.548896 130409
0.549061 130561
0.550944 130921
0.551109 131073
0.552992 131433
0.553157 131585
0.55504 131945
0.555205 132097
0.557088 132457
0.557253 132609
0.559136 132969
0.559301 133121
0.561184 133481
0.561349 133633
0.563232 133993
0.563397 134145
0.56528 134505
0.565445 134657
0.567328 135017
0.567493 135169
0.569376 135529
0.569541 135681
0.571424 136041
0.571589 136193
0.573472 136553
0.573637 136705
0.57552 137065
0.575685 137217
0.577568 137577
0.577733 137729
0.579616 138089
0.579781 138241
0.581664 138601
0.581829 138753
0.583712 139113
0.583877 139265
0.58576 139625
0.585925 139777
0.587808 140137
0.587973 140289
0.589856 140649
0.590021 140801
0.591904 141161
0.592069 141313
0.593952 141673
0.594117 141825
0.596 142185
0.596165 142337
0.598048 142697
0.598213 142849
0.600096 143209
0.600261 143361
0.602144 143721
0.602309 143873
0.604192 144233
0.604357 144385
0.60624 144745
0.606405 144897
0.608288 145257
0.608453 145409
0.610336 145769
0.610501 145921
0.612384 146281
0.612549 146433
0.614432 146793
0.614597 146945
0.61648 147305
0.616645 147457
0.618528 147817
0.618693 147969
0.620576 148329
0.620741 148481
0.622624 148841
0.622789 148993
0.624672 149353
0.624837 149505
0.62672 149865
0.626885 150017
0.628768 150377
0.628933 150529
0.630816 150889
0.630981 151041
0.632864 151401
0.633029 151553
0.634912 151913
0.635077 152065
0.63696 152425
0.637125 152577
0.639008 152937
0.639173 153089
0.641056 153449
0.641221 153601
0.643104 153961
0.643269 154113
0.645152 154473
0.645317 154625
0.6472 154985
0.647365 155137
0.649248 155497
0.649413 155649
0.651296 156009
0.651461 156161
0.653344 156521
0.653509 156673
0.655392 157033
0.655557 157185
0.65744 157545
0.657605 157697
0.659488 158057
0.659653 158209
0.661536 158569
0.661701 158721
0.663584 159081
0.663749 159233
0.665632 159593
0.665797 159745
0.66768 160105
0.667845 160257
0.669728 160617
0.669893 160769
0.671776 161129
0.671941 161281
0.673824 161641
0.673989 161793
0.675872 162153
0.676037 162305
0.67792 162665
0.678085 162817
0.679968 163177
0.680133 163329
0.682016 163689
0.682181 163841
0.684064 164201
0.684229 164353
0.686112 164713
0.686277 164865
0.68816 165225
0.688325 165377
0.690208 165737
0.690373 165889
0.692256 166249
0.692421 166401
0.694304 166761
0.694469 166913
0.696352 167273
0.696517 167425
0.6984 167785
0.698565 167937
0.700448 168297
0.700613 168449
0.702496 168809
0.702661 168961
0.704544 169321
0.704709 169473
0.706592 169833
0.706757 169985
0.70864 170345
0.708805 170497
0.710688 170857
0.710853 171009
0.712736 171369
0.712901 171521
0.714784 171881
0.714949 172033
0.716832 172393
0.716997 172545
0.71888 172905
0.719045 173057
0.720928 173417
0.721093 173569
0.722976 173929
0.723141 174081
0.725024 174441
0.725189 174593
0.727072 174953
0.727237 175105
0.72912 175465
0.729285 175617
0.731168 175977
0.731333 176129
0.733216 176489
0.733381 176641
0.735264 177001
0.735429 177153
0.737312 177513
0.737477 177665
0.73936 178025
0.739525 178177
0.741408 178537
0.741573 178689
0.743456 179049
0.743621 179201
0.745504 179561
0.745669 179713
0.747552 180073
0.747717 180225
0.7496 180585
0.749765 180737
0.751648 181097
0.751813 181249
0.753696 181609
0.753861 181761
0.755744 182121
0.755909 182273
0.757792 182633
0.757957 182785
0.75984 183145
0.760005 183297
0.761888 183657
0.762053 183809
0.763936 184169
0.764101 184321
0.765984 184681
0.766149 184833
0.768032 185193
0.768197 185345
0.77008 185705
0.770245 185857
0.772128 186217
0.772293 186369
0.774176 186729
0.774341 186881
0.776224 187241
0.776389 187393
0.778272 187753
0.778437 187905
0.78032 188265
0.780485 188417
0.782368 188777
0.782533 188929
0.784416 189289
0.784581 189441
0.786464 189801
0.786629 189953
0.788512 190313
0.788677 190465
0.79056 190825
0.790725 190977
0.792608 191337
0.792773 191489
0.794656 191849
0.794821 192001
0.796704 192361
0.796869 192513
0.798752 192873
0.798917 193025
0.8008 193385
0.800965 193537
0.802848 193897
0.803013 194049
0.804896 194409
0.805061 194561
0.806944 194921
0.807109 195073
0.808992 195433
0.809157 195585
0.81104 195945
0.811205 196097
0.813088 196457
0.813253 196609
0.815136 196969
0.815301 197121
0.817184 197481
0.817349 197633
0.819232 197993
0.819397 198145
0.82128 198505
0.821445 198657
0.823328 199017
0.823493 199169
0.825376 199529
0.825541 199681
0.827424 200041
0.827589 200193
0.829472 200553
0.829637 200705
0.83152 201065
0.831685 201217
0.833568 201577
0.833733 201729
0.835616 202089
0.835781 202241
0.837664 202601
0.837829 202753
0.839712 203113
0.839877 203265
0.84176 203625
0.841925 203777
0.843808 204137
0.843973 204289
0.845856 204649
0.846021 204801
0.847904 205161
0.848069 205313
0.849952 205673
0.850117 205825
0.852 206185
0.852165 206337
0.854048 206697
0.854213 206849
0.856096 207209
0.856261 207361
0.858144 207721
0.858309 207873
0.860192 208233
0.860357 208385
0.86224 208745
0.862405 208897
0.864288 209257
0.864453 209409
0.866336 209769
0.866501 209921
0.868384 210281
0.868549 210433
0.870432 210793
0.870597 210945
0.87248 211305
0.872645 211457
0.874528 211817
0.874693 211969
0.876576 212329
0.876741 212481
0.878624 212841
0.878789 212993
0.880672 213353
0.880837 213505
0.88272 213865
0.882885 214017
0.884768 214377
0.884933 214529
0.886816 214889
0.886981 215041
0.888864 215401
0.889029 215553
0.890912 215913
0.891077 216065
0.89296 216425
0.893125 216577
0.895008 216937
0.895173 217089
0.897056 217449
0.897221 217601
0.899104 217961
0.899269 218113
0.901152 218473
0.901317 218625
0.9032 218985
0.903365 219137
0.905248 219497
0.905413 219649
0.907296 220009
0.907461 220161
0.909344 220521
0.909509 220673
0.911392 221033
0.911557 221185
0.91344 221545
0.913605 221697
0.915488 222057
0.915653 222209
0.917536 222569
0.917701 222721
0.919584 223081
0.919749 223233
0.921632 223593
0.921797 223745
0.92368 224105
0.923845 224257
0.925728 224617
0.925893 224769
0.927776 225129
0.927941 225281
0.929824 225641
0.929989 225793
0.931872 226153
0.932037 226305
0.93392 226665
0.934085 226817
0.935968 227177
0.936133 227329
0.938016 227689
0.938181 227841
0.940064 228201
0.940229 228353
0.942112 228713
0.942277 228865
0.94416 229225
0.944325 229377
0.946208 229737
0.946373 229889
0.948256 230249
0.948421 230401
0.950304 230761
0.950469 230913
0.952352 231273
0.952517 231425
0.9544 231785
0.954565 231937
0.956448 232297
0.956613 232449
0.958496 232809
0.958661 232961
0.960544 233321
0.960709 233473
0.962592 233833
0.962757 233985
0.96464 234345
0.964805 234497
0.966688 234857
0.966853 235009
0.968736 235369
0.968901 235521
0.970784 235881
0.970949 236033
0.972832 236393
0.972997 236545
0.97488 236905
0.975045 237057
0.976928 237417
0.977093 237569
0.978976 237929
0.979141 238081
0.981024 238441
0.981189 238593
0.983072 238953
0.983237 239105
0.98512 239465
0.985285 239617
0.987168 239977
0.987333 240129
0.989216 240489
0.989381 240641
0.991264 241001
0.991429 241153
0.993312 241513
0.993477 241665
0.99536 242025
0.995525 242177
0.997408 242537
0.997573 242689
0.999456 243049
0.999621 243201
1.0015 243561
1.00167 243713
1.00355 244073
1.00372 244225
1.0056 244585
1.00576 244737
1.00765 245097
1.00781 245249
1.0097 245609
1.00986 245761
1.01174 246121
1.01191 246273
1.01379 246633
1.01396 246785
1.01584 247145
1.016 247297
1.01789 247657
1.01805 247809
1.01994 248169
1.0201 248321
1.02198 248681
1.02215 248833
1.02403 249193
1.0242 249345
1.02608 249705
1.02624 249857
1.02629 249858
