0.0505504 360
0.0505504 720
0.0505504 1080
0.0505504 1440
0.0505504 1800
0.0505504 2160
0.0505504 2520
0.0505504 2880
0.0505504 3240
0.0505504 3600
0.102643 3240
0.102643 3600
0.102643 3736
0.104173 3016
0.104243 3376
0.104243 3528
0.104448 3888
0.104448 4040
0.105269 3320
0.105472 3680
0.105472 3832
0.106798 3112
0.106906 3472
0.106906 3624
0.107894 2904
0.10793 3264
0.10793 3416
0.108134 3776
0.108134 3928
0.15712 3208
0.157286 3568
0.157286 3720
0.15887 3432
0.158925 3792
0.158925 3944
0.160434 3584
0.160598 3072
0.160598 3432
0.161797 2560
0.161797 2920
0.162528 2768
0.163126 2616
0.21192 1744
0.21192 1896
0.212085 1384
0.213717 1024
0.213717 1384
0.213882 1232
0.215514 872
0.215514 1024
0.216712 664
0.216712 1024
0.216712 1384
0.216712 1536
0.216712 1896
0.216712 2048
0.265942 1896
0.268774 1536
0.268774 1896
0.268774 2256
0.269442 2104
0.271374 1744
0.271374 2104
0.271374 2464
0.271374 2824
0.271374 3072
0.271565 3432
0.271565 3584
0.27177 3944
0.27177 4096
0.271971 3072
0.271974 3432
0.271974 3584
0.272179 3944
0.272179 4096
0.323698 3376
0.323789 3736
0.323789 3888
0.326528 3168
0.326656 3528
0.326656 3680
0.327656 2960
0.32768 3320
0.32768 3472
0.327821 3320
0.328152 2712
0.328152 2960
0.378379 2600
0.378379 2960
0.378645 2808
0.381443 1480
0.382541 1120
0.382541 1424
0.382706 912
0.382915 664
0.43311 304
0.43311 664
0.43311 816
0.43311 1176
0.43311 1536
0.43311 1896
0.43721 1592
0.487928 1232
0.487928 1592
0.487928 1952
0.488061 1800
0.488826 1440
0.488826 1800
0.489157 1440
0.489157 1800
0.542821 1440
0.542821 1800
0.543152 1440
0.543152 1800
0.543917 1440
0.543917 1632
0.598046 1272
0.598046 1632
0.598243 1440
1.38292 0
1.38292 360
3.38292 0
3.38292 360
7.38292 0
7.38292 360
